# Blender 3.5.0
# www.blender.org
mtllib Hammer.mtl
o Cube
v 0.300000 1.012132 0.194975
v 0.300000 0.305025 -0.512132
v -0.300000 1.012132 0.194975
v -0.300000 0.305025 -0.512132
v 0.300000 1.294975 -0.087868
v 0.300000 0.587868 -0.794975
v -0.300000 1.294975 -0.087868
v -0.300000 0.587868 -0.794975
vn -0.0000 0.7071 0.7071
vn -1.0000 -0.0000 -0.0000
vn -0.0000 0.7071 -0.7071
vn -0.0000 -0.7071 -0.7071
vn -0.0000 -0.7071 0.7071
vn 1.0000 -0.0000 -0.0000
vt 1.000000 0.000000
vt 2.000000 0.000000
vt 0.000000 0.000000
vt 0.000000 0.000000
vt 2.000000 0.000000
vt 0.000000 0.000000
vt 2.000000 0.000000
vt 2.000000 1.000000
vt 0.000000 0.000000
vt 1.000000 0.000000
vt 0.000000 1.000000
vt 1.000000 1.000000
vt 2.000000 1.000000
vt 0.000000 1.000000
vt 0.000000 1.000000
vt 2.000000 1.000000
vt 0.000000 1.000000
vt 2.000000 1.000000
vt 2.000000 0.000000
vt 0.000000 1.000051
vt 0.000000 0.000000
vt 1.000000 1.000000
s 0
usemtl Material
f 1/1/1 5/12/1 7/17/1 3/6/1
f 4/9/2 3/7/2 7/18/2 8/20/2
f 8/21/3 7/19/3 5/13/3 6/15/3
f 6/15/4 2/4/4 4/10/4 8/22/4
f 2/4/5 1/2/5 3/8/5 4/11/5
f 6/16/6 5/14/6 1/3/6 2/5/6
o Cube.001
v 0.100000 0.724264 -0.082843
v 0.100000 0.017157 0.624264
v -0.100000 0.724264 -0.082843
v -0.100000 0.017157 0.624264
v 0.100000 0.582843 -0.224264
v 0.100000 -0.124264 0.482843
v -0.100000 0.582843 -0.224264
v -0.100000 -0.124264 0.482843
vn -0.0000 0.7071 -0.7071
vn -1.0000 -0.0000 -0.0000
vn -0.0000 -0.7071 -0.7071
vn -0.0000 -0.7071 0.7071
vn -0.0000 0.7071 0.7071
vn 1.0000 -0.0000 -0.0000
vt 0.000000 1.000000
vt 2.000000 1.000000
vt 1.000000 1.000000
vt 2.000000 1.000000
vt 0.000000 1.000000
vt 1.000000 1.000000
vt 0.000000 1.000000
vt 0.000000 0.000000
vt 2.000000 1.000000
vt 0.000000 1.000000
vt 2.000000 0.000000
vt 0.000000 0.000000
vt 2.000000 1.000000
vt 2.000000 0.000000
vt 0.000000 1.000000
vt 1.000000 0.000000
vt 0.000000 0.000000
vt 1.000000 0.000000
vt 0.000000 0.000000
vt 2.000000 0.000000
vt 2.000000 0.000000
vt 0.000000 0.000000
s 0
usemtl Material.001
f 9/23/7 13/34/7 15/40/7 11/28/7
f 12/31/8 11/29/8 15/41/8 16/43/8
f 16/44/9 15/42/9 13/35/9 14/37/9
f 14/38/10 10/25/10 12/32/10 16/44/10
f 10/26/11 9/23/11 11/30/11 12/33/11
f 14/39/12 13/36/12 9/24/12 10/27/12
